{
	"calibDataSource": "j:\/calibration\/170915_calib_rawData\/full\/output_norm",
	"cameras": [
		{
			"name": "00_00",
			"type": "hd",
			"resolution": [1920,1080],
			"panel": 0,
			"node": 0,
			"K": [
				[1633.42,0,942.452],
				[0,1628.99,558.779],
				[0,0,1]
			],
			"distCoef": [-0.219848,0.184021,7.58067e-05,0.000738442,0.0493357],
			"R": [
				[0.1517180366,0.03362055307,-0.9878518592],
				[-0.09098515049,0.9956531555,0.01991221778],
				[0.9842272805,0.08685880749,0.1541175129]
			],
			"t": [
				[19.09414458],
				[126.7323693],
				[288.9351303]
			]
		},
		{
			"name": "00_01",
			"type": "hd",
			"resolution": [1920,1080],
			"panel": 0,
			"node": 1,
			"K": [
				[1396.5,0,951.976],
				[0,1392.75,561.543],
				[0,0,1]
			],
			"distCoef": [-0.284482,0.177408,2.05203e-05,0.000791432,-0.0427301],
			"R": [
				[0.03857332757,0.02482257361,0.9989474152],
				[0.6388810105,0.7680602513,-0.04375505453],
				[-0.7683379158,0.6398963121,0.01376796876]
			],
			"t": [
				[9.196606731],
				[107.8316777],
				[358.5354169]
			]
		},
		{
			"name": "00_02",
			"type": "hd",
			"resolution": [1920,1080],
			"panel": 0,
			"node": 2,
			"K": [
				[1397.35,0,939.439],
				[0,1394.33,557.208],
				[0,0,1]
			],
			"distCoef": [-0.283865,0.175275,-0.000563437,0.00096835,-0.0399961],
			"R": [
				[-0.9960625167,0.05418243176,-0.07016927303],
				[-0.02264903675,0.6097077083,0.7923026767],
				[0.08571163238,0.7907722646,-0.6060798145]
			],
			"t": [
				[-21.80275627],
				[65.27052435],
				[379.6824926]
			]
		},
		{
			"name": "00_03",
			"type": "hd",
			"resolution": [1920,1080],
			"panel": 0,
			"node": 3,
			"K": [
				[1395.82,0,949.62],
				[0,1392.21,565.72],
				[0,0,1]
			],
			"distCoef": [-0.284563,0.174762,-0.000154002,5.55625e-05,-0.0408034],
			"R": [
				[-0.6331621791,-0.02851017097,0.7734939076],
				[0.07295192644,0.9926748029,0.09630551493],
				[-0.7705735989,0.1174048803,-0.6264442694]
			],
			"t": [
				[-16.10509159],
				[118.3098207],
				[283.699136]
			]
		},
		{
			"name": "00_04",
			"type": "hd",
			"resolution": [1920,1080],
			"panel": 0,
			"node": 4,
			"K": [
				[1633.14,0,947.406],
				[0,1629.1,571.312],
				[0,0,1]
			],
			"distCoef": [-0.220837,0.181125,-0.000149391,0.000966147,0.0624916],
			"R": [
				[-0.5423958187,-0.01130045072,0.8400470675],
				[0.6302662043,0.6556699137,0.4157661313],
				[-0.555491933,0.7549630879,-0.3485103275]
			],
			"t": [
				[-5.830298973],
				[85.25829227],
				[375.4631483]
			]
		},
		{
			"name": "00_05",
			"type": "hd",
			"resolution": [1920,1080],
			"panel": 0,
			"node": 5,
			"K": [
				[1396.72,0,934.099],
				[0,1393.08,560.835],
				[0,0,1]
			],
			"distCoef": [-0.287577,0.184052,-0.000302015,-0.000134443,-0.0483063],
			"R": [
				[-0.9264045988,-0.01072076303,-0.3763769182],
				[-0.02163531664,0.9994586886,0.02478392438],
				[0.3759074785,0.03110297532,-0.9261350725]
			],
			"t": [
				[-12.78543484],
				[143.9309178],
				[279.7457123]
			]
		},
		{
			"name": "00_06",
			"type": "hd",
			"resolution": [1920,1080],
			"panel": 0,
			"node": 6,
			"K": [
				[1396.17,0,950.177],
				[0,1392.54,548.405],
				[0,0,1]
			],
			"distCoef": [-0.283904,0.175493,-0.00013745,0.00107944,-0.0420453],
			"R": [
				[0.9495451951,-0.04880982942,-0.3098088492],
				[-0.2032605452,0.6565124245,-0.7264135098],
				[0.2388494782,0.7527343735,0.6134671057]
			],
			"t": [
				[-5.388497527],
				[81.53959208],
				[379.7889975]
			]
		},
		{
			"name": "00_07",
			"type": "hd",
			"resolution": [1920,1080],
			"panel": 0,
			"node": 7,
			"K": [
				[1395.93,0,948.665],
				[0,1392.48,549.072],
				[0,0,1]
			],
			"distCoef": [-0.286801,0.182053,-3.18456e-05,0.000139822,-0.0469539],
			"R": [
				[-0.9465699136,-0.03750265219,0.3203107083],
				[0.1716572493,0.7822397699,0.5988611953],
				[-0.2730186578,0.621847645,-0.7340070292]
			],
			"t": [
				[-10.18064064],
				[115.1297267],
				[356.5248657]
			]
		},
		{
			"name": "00_08",
			"type": "hd",
			"resolution": [1920,1080],
			"panel": 0,
			"node": 8,
			"K": [
				[1642.55,0,945.28],
				[0,1638.54,562.607],
				[0,0,1]
			],
			"distCoef": [-0.224389,0.205361,-0.000511286,0.000630199,0.0357717],
			"R": [
				[0.9624350479,0.01782674662,-0.2709261627],
				[-0.03262006267,0.9982064439,-0.0501978771],
				[0.2695453766,0.05714982465,0.9612903763]
			],
			"t": [
				[-10.90937137],
				[136.9489104],
				[286.5834479]
			]
		},
		{
			"name": "00_09",
			"type": "hd",
			"resolution": [1920,1080],
			"panel": 0,
			"node": 9,
			"K": [
				[1396.86,0,946.507],
				[0,1393.16,541.669],
				[0,0,1]
			],
			"distCoef": [-0.285048,0.181108,-0.000448932,0.000577561,-0.0456454],
			"R": [
				[-0.3363287541,-0.08380132878,0.9380086921],
				[-0.125414597,0.9911467699,0.04358049294],
				[-0.9333563885,-0.1029826092,-0.3438610681]
			],
			"t": [
				[8.947366272],
				[146.7435391],
				[253.9126153]
			]
		},
		{
			"name": "00_10",
			"type": "hd",
			"resolution": [1920,1080],
			"panel": 0,
			"node": 10,
			"K": [
				[1394.41,0,945.694],
				[0,1390.88,562.638],
				[0,0,1]
			],
			"distCoef": [-0.287786,0.185352,-1.25967e-05,0.000565946,-0.0493011],
			"R": [
				[0.9459392859,0.04785333722,0.3207942104],
				[0.1650108646,0.780487854,-0.6030009323],
				[-0.2792315918,0.6233368013,0.7303978027]
			],
			"t": [
				[28.65644252],
				[112.3145874],
				[360.2474967]
			]
		},
		{
			"name": "00_11",
			"type": "hd",
			"resolution": [1920,1080],
			"panel": 0,
			"node": 11,
			"K": [
				[1493.25,0,934.066],
				[0,1489.76,547.725],
				[0,0,1]
			],
			"distCoef": [-0.259908,0.186337,-0.000170717,0.000254657,-0.0202729],
			"R": [
				[0.8215685192,0.04095949319,-0.5686365167],
				[-0.2800178965,0.8978068975,-0.3399010922],
				[0.4966036104,0.4384804383,0.7490792744]
			],
			"t": [
				[3.219872145],
				[102.679526],
				[336.1831364]
			]
		},
		{
			"name": "00_12",
			"type": "hd",
			"resolution": [1920,1080],
			"panel": 0,
			"node": 12,
			"K": [
				[1396.11,0,965.291],
				[0,1392.55,563.943],
				[0,0,1]
			],
			"distCoef": [-0.290305,0.191233,-0.000148234,0.000649541,-0.0545707],
			"R": [
				[-0.9936835592,0.04326674085,-0.1035421329],
				[-0.008541412852,0.8908458861,0.4542253312],
				[0.1118929328,0.4522406399,-0.8848493517]
			],
			"t": [
				[18.51951533],
				[98.92258298],
				[332.8912343]
			]
		},
		{
			"name": "00_13",
			"type": "hd",
			"resolution": [1920,1080],
			"panel": 0,
			"node": 13,
			"K": [
				[1590.59,0,939.436],
				[0,1586.69,560.396],
				[0,0,1]
			],
			"distCoef": [-0.229844,0.185026,-2.87561e-05,0.000666917,0.021906],
			"R": [
				[-0.2733946843,0.07370703867,-0.959073834],
				[-0.7593043045,0.5955655342,0.2622187401],
				[0.5905186871,0.7999181001,-0.1068583795]
			],
			"t": [
				[-20.09821895],
				[56.76544636],
				[383.7228296]
			]
		},
		{
			"name": "00_14",
			"type": "hd",
			"resolution": [1920,1080],
			"panel": 0,
			"node": 14,
			"K": [
				[1647.96,0,935.168],
				[0,1643.18,565.937],
				[0,0,1]
			],
			"distCoef": [-0.21791,0.194946,-0.000562483,0.000317524,0.0490627],
			"R": [
				[0.8147035378,-0.0729190779,0.5752746766],
				[0.01567633518,0.9944690716,0.1038533494],
				[-0.579665764,-0.07559149249,0.8113405748]
			],
			"t": [
				[1.870817707],
				[141.572559],
				[266.9495256]
			]
		},
		{
			"name": "00_15",
			"type": "hd",
			"resolution": [1920,1080],
			"panel": 0,
			"node": 15,
			"K": [
				[1429.72,0,948.891],
				[0,1426.2,561.416],
				[0,0,1]
			],
			"distCoef": [-0.278837,0.191237,-4.68164e-05,1.91917e-05,-0.048983],
			"R": [
				[-0.9999557776,0.006858470341,0.00643461009],
				[0.006472075205,0.9982803992,-0.05826110845],
				[-0.006823127213,-0.05821688673,-0.9982806414]
			],
			"t": [
				[3.982092052],
				[135.1075962],
				[265.0017379]
			]
		},
		{
			"name": "00_16",
			"type": "hd",
			"resolution": [1920,1080],
			"panel": 0,
			"node": 16,
			"K": [
				[1427.22,0,949.484],
				[0,1423.12,546.544],
				[0,0,1]
			],
			"distCoef": [-0.277393,0.180486,-0.000309517,0.000457982,-0.0381264],
			"R": [
				[0.7564829206,0.006304438122,0.6539830616],
				[0.2572280801,0.9164964012,-0.3063789507],
				[-0.6013046695,0.3999932508,0.6916921958]
			],
			"t": [
				[13.26659913],
				[119.0039506],
				[328.6522181]
			]
		},
		{
			"name": "00_17",
			"type": "hd",
			"resolution": [1920,1080],
			"panel": 0,
			"node": 17,
			"K": [
				[1393.08,0,914.523],
				[0,1390.01,563.164],
				[0,0,1]
			],
			"distCoef": [-0.284238,0.177048,8.41075e-05,0.000480736,-0.04367],
			"R": [
				[0.5170653177,0.09511321804,-0.85064501],
				[-0.6009788334,0.7479880117,-0.2816706873],
				[0.6094816642,0.6568617892,0.4439196898]
			],
			"t": [
				[19.18192646],
				[93.55034856],
				[366.1774973]
			]
		},
		{
			"name": "00_18",
			"type": "hd",
			"resolution": [1920,1080],
			"panel": 0,
			"node": 18,
			"K": [
				[1541.61,0,945.7],
				[0,1537.63,554.362],
				[0,0,1]
			],
			"distCoef": [-0.24598,0.184257,0.000112382,0.000415355,0.00412734],
			"R": [
				[-0.419344551,-0.0004940305147,0.9078270229],
				[0.3624627853,0.9167447151,0.1679281294],
				[-0.8323285871,0.3994732573,-0.3842528333]
			],
			"t": [
				[16.54329308],
				[119.7222612],
				[323.6072011]
			]
		},
		{
			"name": "00_19",
			"type": "hd",
			"resolution": [1920,1080],
			"panel": 0,
			"node": 19,
			"K": [
				[1397.19,0,948.704],
				[0,1393.68,555.174],
				[0,0,1]
			],
			"distCoef": [-0.282671,0.171945,-9.18321e-05,0.000909866,-0.0382023],
			"R": [
				[0.7257487677,0.009658933331,0.68789202],
				[0.5257489334,0.6371115433,-0.5636283708],
				[-0.4437079953,0.7707110914,0.4573047436]
			],
			"t": [
				[-18.02456033],
				[75.71009443],
				[378.0396133]
			]
		},
		{
			"name": "00_20",
			"type": "hd",
			"resolution": [1920,1080],
			"panel": 0,
			"node": 20,
			"K": [
				[1404.07,0,940.829],
				[0,1400.33,552.931],
				[0,0,1]
			],
			"distCoef": [-0.291353,0.203379,-0.000102201,0.00018338,-0.0658582],
			"R": [
				[-0.594832939,0.04231226058,-0.8027349795],
				[-0.142912126,0.9771387155,0.1574041135],
				[0.7910435506,0.208349714,-0.5751873588]
			],
			"t": [
				[23.94293358],
				[136.6889922],
				[304.5591609]
			]
		},
		{
			"name": "00_21",
			"type": "hd",
			"resolution": [1920,1080],
			"panel": 0,
			"node": 21,
			"K": [
				[1397.08,0,932.314],
				[0,1393.49,563.103],
				[0,0,1]
			],
			"distCoef": [-0.288009,0.187369,-0.000202784,2.5355e-05,-0.0519698],
			"R": [
				[-0.2457517639,-0.04863405808,-0.9681119764],
				[-0.4545588806,0.8878997138,0.07078363055],
				[0.8561438516,0.4574590984,-0.2403099639]
			],
			"t": [
				[-11.97047337],
				[95.62338919],
				[337.0177748]
			]
		},
		{
			"name": "00_22",
			"type": "hd",
			"resolution": [1920,1080],
			"panel": 0,
			"node": 22,
			"K": [
				[1514.48,0,946.751],
				[0,1510.29,562.071],
				[0,0,1]
			],
			"distCoef": [-0.261501,0.21168,-0.000221134,0.000812407,-0.0398312],
			"R": [
				[-0.9378774674,-0.03030355176,0.3456407829],
				[0.07087055277,0.9584451301,0.2763336704],
				[-0.3396516168,0.2836628763,-0.8967564618]
			],
			"t": [
				[1.785397547],
				[114.0582419],
				[308.6147138]
			]
		},
		{
			"name": "00_23",
			"type": "hd",
			"resolution": [1920,1080],
			"panel": 0,
			"node": 23,
			"K": [
				[1572.47,0,941.661],
				[0,1567.55,560.077],
				[0,0,1]
			],
			"distCoef": [-0.237312,0.185135,-0.000380933,0.00043098,0.0125771],
			"R": [
				[0.5037570096,0.01378922198,0.8637353371],
				[0.1435633578,0.9846315501,-0.09944985127],
				[-0.8518323999,0.1740993049,0.4940354182]
			],
			"t": [
				[7.576759679],
				[102.9422142],
				[294.4834873]
			]
		},
		{
			"name": "00_24",
			"type": "hd",
			"resolution": [1920,1080],
			"panel": 0,
			"node": 24,
			"K": [
				[1399.03,0,954.377],
				[0,1395.54,545.415],
				[0,0,1]
			],
			"distCoef": [-0.285868,0.18248,-3.83105e-05,0.000201143,-0.0495847],
			"R": [
				[-0.3719873164,-0.05844042871,-0.926396326],
				[0.02615789799,0.9969598235,-0.07339533185],
				[0.9278691723,-0.05153471312,-0.3693277305]
			],
			"t": [
				[-18.6086978],
				[132.776536],
				[269.90297]
			]
		},
		{
			"name": "00_25",
			"type": "hd",
			"resolution": [1920,1080],
			"panel": 0,
			"node": 25,
			"K": [
				[1398.52,0,935.238],
				[0,1395.43,558.971],
				[0,0,1]
			],
			"distCoef": [-0.289882,0.192486,-0.000472284,0.000434387,-0.0570638],
			"R": [
				[0.8026255918,0.001552444039,-0.5964811391],
				[0.04345872161,0.9971867296,0.06107344618],
				[0.5948978895,-0.07494141866,0.8003001218]
			],
			"t": [
				[8.036313202],
				[139.6488266],
				[267.0943916]
			]
		},
		{
			"name": "00_26",
			"type": "hd",
			"resolution": [1920,1080],
			"panel": 0,
			"node": 26,
			"K": [
				[1617.13,0,950.223],
				[0,1613.17,553.718],
				[0,0,1]
			],
			"distCoef": [-0.225526,0.185291,-0.000690388,0.00025505,0.0428441],
			"R": [
				[-0.7403880495,-0.0461547665,-0.6705932252],
				[0.1415302965,0.964570693,-0.2226489467],
				[0.657110882,-0.2597558774,-0.7076243162]
			],
			"t": [
				[-16.57589387],
				[141.2817559],
				[242.483821]
			]
		},
		{
			"name": "00_27",
			"type": "hd",
			"resolution": [1920,1080],
			"panel": 0,
			"node": 27,
			"K": [
				[1861.21,0,935.768],
				[0,1856.64,552.97],
				[0,0,1]
			],
			"distCoef": [-0.170951,0.206611,0.000129635,0.000427652,0.21204],
			"R": [
				[0.9761212635,0.02219851729,0.2160891131],
				[0.03419873008,0.9666555885,-0.2537861701],
				[-0.2145174254,0.2551160503,0.9428139133]
			],
			"t": [
				[3.642512747],
				[123.1250999],
				[312.6834851]
			]
		},
		{
			"name": "00_28",
			"type": "hd",
			"resolution": [1920,1080],
			"panel": 0,
			"node": 28,
			"K": [
				[1395.94,0,952.07],
				[0,1392.45,561.438],
				[0,0,1]
			],
			"distCoef": [-0.284755,0.177278,1.23114e-05,0.000206689,-0.0425227],
			"R": [
				[-0.6190582951,-0.02919611228,-0.7848021498],
				[-0.5184613924,0.7657901084,0.3804777188],
				[0.5898852532,0.6424275032,-0.4892057759]
			],
			"t": [
				[-14.0001953],
				[102.4892535],
				[363.1973895]
			]
		},
		{
			"name": "00_29",
			"type": "hd",
			"resolution": [1920,1080],
			"panel": 0,
			"node": 29,
			"K": [
				[1400.6,0,939.693],
				[0,1397.43,573.026],
				[0,0,1]
			],
			"distCoef": [-0.286277,0.185849,-0.000334986,0.000806038,-0.0491232],
			"R": [
				[0.5016375987,-0.07270695091,-0.8620170641],
				[-0.08074349974,0.9881766975,-0.1303353433],
				[0.861301461,0.1349833832,0.489835972]
			],
			"t": [
				[-20.14543778],
				[158.0288698],
				[295.4499958]
			]
		},
		{
			"name": "00_30",
			"type": "hd",
			"resolution": [1920,1080],
			"panel": 0,
			"node": 30,
			"K": [
				[1407.29,0,947.591],
				[0,1403.6,562.773],
				[0,0,1]
			],
			"distCoef": [-0.283836,0.186201,-0.00023212,0.00063101,-0.0493842],
			"R": [
				[0.07167563601,0.0618277146,0.9955098879],
				[0.2160122316,0.9734276355,-0.07600890864],
				[-0.9737562934,0.2204902993,0.05641550229]
			],
			"t": [
				[16.81925374],
				[133.2836602],
				[300.3538294]
			]
		}
	]
}
